ms 120 1 -t 2 -r 2 10000 
3579 27011 59243

//
segsites: 12
positions: 0.0769 0.1889 0.2197 0.2278 0.2287 0.5167 0.7070 0.7207 0.7519 0.8198 0.8481 0.9054 
000000100100
000000100100
000000010000
000000100100
010000000010
000000100100
000000100100
000000010000
000000010000
000000010000
001000010000
010000000000
000000010000
000000010000
010000000010
000000100100
000000010000
000000000000
000000000000
000000000000
000000010000
000000100100
000001010000
000000000000
000000010000
000000000000
000000100100
000000000000
000000100100
000000100100
000000010000
000000010000
000000010000
000000000000
010000000000
000000010000
000000100100
000000100100
000000010000
000000010000
000000010000
000000010000
010000000010
000000010000
001000010000
000000100100
000000100100
010000000010
000000100100
000000001000
000000100100
000000010000
000000100100
000100010000
000000100100
000000100100
000000010000
000000010000
000000100100
001000010000
010000000010
000000010000
001000010000
000000000000
100010100100
000000100100
000000010000
000000010000
000000000000
000000010000
000000010000
000000100100
000000100100
000000010000
000000010000
000000100100
000000010000
000000000000
000000100100
000000010000
000000010000
000000100100
000000100100
010000000010
010000000011
000000100100
000000010000
000000010000
000000010000
000000100100
000000000000
000000010000
000000010000
000000100100
000000010000
000100010000
000000010000
000000000000
000000000000
000000010000
000000000000
000000010000
000000100100
000000000000
000000100100
000000010000
000000010000
010000000010
000000100100
010000000010
000000010000
000000000000
000000100100
000000010000
000000010000
000000010000
000000010000
000000100100
000000010000
000100010000
