ms 120 1 -t 2.0 -r 2.0 10000

//
segsites: 13
positions: 0.0081 0.0276 0.125 0.1897 0.3991 0.4496 0.5 0.549 0.6499 0.6787 0.7055 0.7696 0.7875
0001000000001
0001000000000
0001000000000
0000000000000
0001000000000
0000000000000
0000010011010
0001000000001
0001000000000
0000100000100
0001000000000
0000010011010
0000100000100
0001000000000
0001000000000
0110010100100
0001000000000
0000100000100
0001000000000
0110010100100
1110010100100
0000000000000
0000000000000
0001000000000
0000000000000
0110010100100
0001000000000
0000010011010
0001000000001
0001000000000
0110010100100
0000100000100
0001000000000
0110010100100
0000010011010
0110010100100
0001000000000
0001000000000
0000100000100
0001000000000
0001000000001
0001000000000
0000100000100
0001000000000
0001000000000
0001000000000
0001000000000
0000010011010
0110010100100
0110010100100
0110010100100
0001000000000
0110010100100
0000100000100
0001010100100
0001000000000
1110010100100
0110010100100
0001000000001
0001000000000
0001000000001
0001000000000
0001000000000
0001000000000
0001010100100
0001000000000
0000000000000
0001000000000
0110010100100
0110010100100
0001000000000
0001000000000
0000100000100
0001000000000
0110010100100
0000000000000
0110010100100
0110010100100
0001000000000
0110010100100
0001000000000
0000010011010
0001010011010
0001000000000
0000000000000
0001000000000
0000000000000
0001000000000
0000010011010
0110010100100
0110010100100
0001000000000
0110010100100
0001000000000
0001000000000
0001000000000
0000100000100
0110010100100
0001000000000
0001000000000
0000000000000
0001000000001
0110010100100
0110010100100
0000100000100
0000000000000
0001000000001
0000100000100
0001000000000
0000100000100
0001000000001
0000100000100
0001000000000
0001000000000
0000000000000
0001000000000
0001000000000
0000000000000
0001001000000
0001001000000

