ms 120 1 -t 2 -r 2 10000 
25608 6717 9540

//
segsites: 12
positions: 0.0120 0.2428 0.3038 0.3801 0.4731 0.6680 0.7896 0.8101 0.8228 0.8662 0.8748 0.8835 
000000010001
000000000001
000000000001
000000000001
010000000100
000000001011
000000000001
000000000001
010010000100
100001000000
010000000100
100001000000
000000000001
010000000100
010000000100
000000000001
000000000001
000000000001
010000000100
100001000000
010000000100
000000000001
000000000001
000000010001
000000000001
010100000100
000000000001
000000000001
000000000001
010000000100
000000100001
000000000001
010000000100
000000000001
010010000100
000000000001
000000000001
000000000001
000000000001
010000000100
010000000100
000000000001
000000000001
000000000001
001000000001
000000000001
010000000100
000000010001
010100000100
000000000001
100001000000
000000000001
000000000001
000000001011
000000000001
000000000001
010000000100
000000001011
000000000001
000000001011
000000000001
000000000001
000000000001
010000000100
000000000001
010000000100
010000000100
000000000001
000000000001
000000000001
000000000001
000000000001
000000000001
010010000100
000000000001
000000000001
000000100001
000000000001
000000001011
010000000001
000000000001
000000000001
000000010001
000000000001
000000000001
000000000001
000000000001
000000000001
000000000001
000000001011
000000000001
000000000001
000000001011
010010000100
010000000100
000000000001
000000000001
000000000001
010000000100
000000000001
000000000001
000000000001
000000010001
000000000001
000000000001
000000000001
010000000001
000000000001
000000000001
000000000001
000000000001
000000010001
010000000100
010010000100
000000000001
010000000100
000000000001
000000000001
000000000001
000000000001
